depth=2;
D=1;
qubits_per_dim=3;
beta=0.7;
a=1.0;
power=2;
out=<class 'str'>;
thetas=[ 1.53584859e-01  7.77214925e-01  1.57079633e+00  1.53584859e-01
  7.77214925e-01  1.57079633e+00  1.50834367e-17 -2.04891475e-18
 -2.97137905e-17 -2.23897867e-17  9.86743727e-18 -7.59572793e-18
  9.66161890e-17  1.41300212e-17  2.04970941e-17 -2.71124228e-18
 -1.27094364e-18 -1.33466613e-17 -3.30963905e-17  9.51463002e-19
 -1.58527153e-17 -4.77930316e-18 -2.42274653e-17  6.48298184e-17
  4.89673243e-17 -2.99824417e-18  8.27865946e-19 -2.06255158e-17
 -1.99805640e-17 -3.98307781e-19  1.17641294e-17  1.11435743e-17
 -1.69460981e-18 -2.18813678e-18 -3.91026664e-17  5.10758294e-17];
h_exp_val=[10.5         9.70711658  8.94539253  8.22086083  7.53818373  6.90059995
  6.30996381  5.76685949  5.27076847  4.82026736  4.4132352   4.04705337
  3.71878632  3.42533602  3.1635674   2.93040495  2.72290301  2.53829324
  2.37401333  2.22772098  2.09729674  1.98083891  1.87665299  1.78323776
  1.69926952  1.6235856   1.55516805  1.4931278   1.43668998  1.38518019
  1.33801222  1.29467683  1.25473186  1.21779342  1.1835282   1.15164663];
Process time=2472.701429;
