depth=3;
D=1;
qubits_per_dim=3;
beta=0.7;
a=1.0;
power=2;
out=<class 'str'>;
thetas=[ 1.53584859e-01  7.77214925e-01  1.57079633e+00  1.53584859e-01
  7.77214925e-01  1.57079633e+00  2.32103340e-18  2.26142134e-18
  3.12865039e-17  2.29201669e-17 -1.25155511e-17 -7.39077369e-17
 -3.39154470e-18 -4.08236003e-18 -1.23443447e-17  5.52158479e-18
 -1.41234543e-17  2.58957704e-17 -6.77874311e-18  1.54342176e-17
  6.44008489e-18 -6.07982313e-19  5.11947581e-18 -1.09291609e-17
  3.92852960e-17  6.04825414e-18 -1.79382318e-17  6.16750497e-18
  7.27653560e-18 -1.51381844e-17 -3.57276607e-17 -1.75488146e-17
 -5.42483178e-17 -1.89274552e-17 -2.11564709e-17 -2.02669253e-17
  2.58423114e-17  1.68734805e-18  4.43971468e-21 -2.20339674e-18
  1.01088499e-17 -2.70867929e-18 -2.53937236e-18 -6.13829600e-18
 -8.95734453e-18 -5.20490273e-18  2.60110762e-18  2.10637025e-17];
h_exp_val=[10.5         9.70711658  8.94539253  8.22086083  7.53818373  6.90059995
  6.30996381  5.76685949  5.27076847  4.82026736  4.4132352   4.04705337
  3.71878632  3.42533602  3.1635674   2.93040495  2.72290301  2.53829324
  2.37401333  2.22772098  2.09729674  1.98083891  1.87665299  1.78323776
  1.69926952  1.6235856   1.55516805  1.4931278   1.43668998  1.38518019
  1.33801222  1.29467683  1.25473186  1.21779342  1.1835282   1.15164663];
Process time=5505.667357;
